529243849
728838448
1348375154
1355680325
100000225939444
100000597148510
100001051009895
100001597015792
100001660228201
100001753552089
100001780167504
100001847689480
100002271431569
100002541133685
100002995696563
100003122749374
100003248971569
100003289011323
100003293685382
100003385433290
100003479592365
100003533454705
100003679519345
100003747246708
100003842209310
100004047231048
100004073774913
100004205147632
100004234326711
100004241674543
100004243818186
100004288570590
100004310915163
100004322179081
100004355208613
100004368038511
100004433148788
100004452700020
100004664227829
100004678846080
100004782540536
100004805528233
100004815589358
100004817082226
100004895773275
100004954628486
100004988266523
100004996480643
100004999744657
100005023147862
100005040888190
100005106225235
100005240946183
100005247131604
100005256633161
100005298043862
100005305216906
100005318310629
100005354645040
100005378173664
100005396988504
100005401186882
100005401878523
100005449006746
100005451161884
100005452903818
100005569392281
100005575688189
100005593097324
100005622520907
100005644517418
100005653481563
100005678565077
100005696209385
100005697486159
100005731608575
100005867288493
100005873492190
100005896951727
100005997404783
100006021379175
100006046781301
100006074040166
100006133935653
100006163366468
100006165990370
100006172305685
100006310209255
100006321647693
100006326862798
100006363584268
100006377378413
100006384579168
100006405300780
100006428606710
100006428744366
100006451248394
100006454461872
100006502380185
100006506917854
100006510021930
100006520790858
100006529085263
100006532118721
100006608023441
100006619005292
100006639520180
100006737659219
100006747875822
100006758498522
100006792124262
100006797535140
100006812056053
100006935381795
100006958743799
100007007103611
100007034076103
100007034528697
100007076743643
100007090711435
100007120839642
100007144480634
100007198592877
100007239876912
100007243426644
100007246505953
100007261924754
100007277736897
100007322140328
100007335497083
100007349585805
100007351816811
100007358825554
100007388260838
100007423008988
100007423421813
100007423569810
100007457982611
100007469141035
100007470941481
100007478564021
100007487808129
100007507119786
100007528967070
100007536065186
100007554944780
100007562357702
100007579849272
100007585833609
100007604681509
100007654939414
100007684338989
100007685530835
100007691193670
100007707998003
100007711242360
100007722618397
100007755605193
100007762144050
100007764672943
100007792990014
100007793324747
100007798365590
100007827904522
100007831951953
100007837603326
100007852924320
100007872931029
100007875462985
100007897862049
100007940682268
100007991821701
100007992760771
100007996570891
100008033191860
100008056841347
100008059960287
100008086839217
100008113597218
100008118400126
100008120233092
100008124341108
100008129761547
100008154061357
100008171351542
100008201113111
100008202494975
100008206233313
100008213972884
100008214780876
100008224717550
100008225136722
100008226672346
100008227504574
100008255209376
100008271794782
100008271991703
100008277254116
100008309014002
100008340913322
100008360176089
100008363983560
100008369588112
100008372077035
100008381141352
100008390559222
100008397167129
100008400362850
100008410867813
100008416261887
100008417022704
100008417232423
100008463216586
100008491054811
100008494848525
100008515144633
100008525049147
100008527215457
100008544043485
100008550730479
100008572488192
100008581091236
100008628555677
100008658581681
100008668505079
100008676672004
100008676705869
100008710890010
100008730018317
100008733018806
100008742910544
100008756976871
100008762917275
100008779006989
100008792070259
100008812817819
100008815562615
100008821815382
100008834386290
100008862460501
100008862466571
100008877636295
100008890650400
100008900349501
100008926543104
100008960267604
100008961946443
100008965442757
100009009961811
100009019194940
100009024456784
100009029780163
100009074039713
100009102326192
100009109055015
100009122570152
100009137442874
100009159201072
100009161241587
100009165815972
100009166678997
100009174457653
100009182458222
100009200312706
100009220185208
100009233129568
100009240570375
100009250363759
100009251065984
100009258033529
100009300150434
100009318014577
100009320866075
100009326779074
100009344082449
100009348382787
100009354509713
100009356401425
100009375437423
100009382293625
100009389798109
100009393129474
100009410207960
100009425676555
100009437573281
100009438178664
100009450849012
100009452394623
100009452914634
100009473741681
100009474794155
100009475512295
100009504276063
100009507759869
100009508226900
100009515315603
100009522782000
100009523704562
100009527708982
100009534540687
100009539830474
100009540084670
100009549250962
100009553690874
100009556811349
100009577576795
100009579524349
100009585671672
100009586803822
100009615073379
100009625369181
100009642527723
100009649189986
100009678934349
100009691815691
100009695311437
100009701379295
100009706516700
100009714649253
100009738881860
100009745867720
100009754537915
100009755560644
100009757756936
100009764530204
100009765157433
100009766425634
100009769389592
100009781783452
100009788856065
100009801438880
100009802368011
100009816785354
100009818705229
100009827148684
100009832114558
100009836262618
100009845169906
100009852522494
100009865877179
100009874148659
100009877277457
100009880955196
100009884380645
100009899762379
100009927995961
100009954729624
100009963524075
100010017274702
100010019796845
100010037259771
100010038335504
100010060715033
100010071695045
100010093987590
100010096805310
100010105986701
100010118767565
100010121565132
100010124318107
100010125330998
100010125370246
100010140908008
100010143492505
100010154252692
100010185131470
100010192141275
100010209758361
100010210213944
100010210365953
100010220981981
100010232200865
100010246384054
100010265499228
100010278139394
100010280136461
100010280408733
100010290344622
100010296006003
100010298231647
100010310388422
100010317310411
100010333892494
100010350408120
100010354152930
100010360452025
100010366650935
100010368450856
100010381485097
100010429758448
100010455546139
100010475314302
100010483893819
100010492292519
100010494992251
100010499144784
100010508550696
100010509461296
100010519390736
100010519894698
100010525775142
100010526863212
100010530541072
100010536913717
100010537182640
100010542792088
100010547714442
100010570692804
100010584450618
100010592320030
100010596074705
100010614000137
100010617349041
100010621934195
100010623219564
100010633181624
100010640076923
100010659159931
100010677855218
100010686607328
100010712073794
100010727645367
100010732140105
100010743486991
100010747953221
100010751045856
100010764102122
100010787799142
100010788463357
100010798118866
100010818992005
100010824632085
100010826671768
100010853101965
100010856884566
100010862718751
100010862792889
100010865837824
100010866287724
100010888489291
100010891032924
100010908162902
100010908499177
100010908575700
100010919928215
100010921002951
100010929669364
100010941604706
100010957025948
100010962049005
100010963598425
100010966967642
100010980010627
100010983975631
100010985057776
100010990691136
100010991702253
100011008969314
100011010467232
100011014628003
100011017215160
100011023063294
100011023094002
100011038178909
100011049330263
100011052102865
100011052880614
100011056065604
100011057198260
100011064494364
100011070458359
100011071818359
100011077050142
100011077397073
100011091044803
100011091524426
100011094130419
100011116542495
100011116781467
100011120792952
100011123658379
100011124429342
100011126555210
100011129263154
100011140471207
100011142432806
100011148036485
100011148635734
100011156539014
100011190451843
100011200565281
100011203337797
100011210402378
100011211243772
100011222419508
100011222560036
100011229316628
100011233680308
100011234505883
100011234673742
100011238223854
100011242548465
100011249132304
100011269802082
100011271721368
100011273325816
100011273686657
100011290008592
100011302566584
100011304378063
100011323891462
100011334998909
100011339635391
100011340451197
100011345220620
100011353284471
100011355810712
100011358466124
100011360632562
100011361101968
100011362159063
100011369899018
100011371212940
100011374583117
100011375514755
100011375781595
100011375916384
100011379822321
100011384865034
100011408423639
100011409791948
100011411546111
100011417888854
100011426600202
100011432461029
100011441464347
100011444265682
100011448676510
100011452338510
100011457494994
100011458159754
100011462060086
100011467849250
100011468348968
100011474072468
100011475432456
100011476339238
100011483374509
100011483811246
100011483959198
100011489477162
100011492225474
100011496767293
100011508584571
100011515997807
100011517549017
100011522628934
100011523617584
100011523826278
100011527209250
100011528581469
100011533217489
100011534401635
100011549013720
100011550403686
100011552464109
100011557036762
100011560000621
100011561804638
100011561896874
100011564594205
100011571494999
100011573088702
100011576946642
100011585177841
100011589818776
100011589937725
100011590240832
100011590395750
100011590670132
100011593630095
100011599030221
100011599874943
100011602517970
100011605305468
100011608367271
100011610888640
100011610997235
100011613152297
100011613830483
100011617519107
100011617628521
100011617872162
100011618280860
100011619943393
100011625702959
100011626700828
100011629189768
100011629309173
100011629452036
100011634319872
100011638098936
100011639747607
100011640125923
100011645659068
100011647607570
100011647997236
100011648053000
100011649769490
100011650256390
100011650399283
100011651779006
100011654149706
100011654290049
100011654361309
100011656063892
100011656275269
100011657126874
100011658420321
100011659777485
100011659806280
100011660116421
100011660269671
100011660480748
100011661050120
100011662788781
100011663548933
100011663868026
100011665272968
100011668367672
100011668819514
100011671938136
100011672718589
100011673468802
100011674288479
100011674990897
100011677537560
100011680330925
100011681176127
100011683036994
100011683512075
100011683878989
100011685018020
100011688466115
100011691167448
100011691386749
100011691466633
100011693883333
100011694739358
100011695121900
100011695318792
100011695367503
100011695590182
100011695638009
100011698096775
100011699382432
100011700511705
100011700706819
100011700794954
100011700913129
100011702865345
100011704636526
100011705384125
100011709335489
100011709597954
100011711650157
100011712254846
100011713365038
100011713367308
100011714474157
100011714596168
100011715435324
100011716244879
100011716392623
100011717627302
100011719697207
100011720785500
100011721794671
100011722004386
100011722724702
100011724135280
100011725839538
100011726264392
100011728633607
100011730437025
100011733785138
100011734617354
100011735082535
100011735830563
100011736433836
100011737963665
100011740676957
100011742746733
100011743335667
100011745045897
100011745693427
100011745915387
100011746543407
100011747328993
100011748744280
100011749515327
100011750382515
100011750406084
100011751140272
100011751225180
100011751723357
100011753016236
100011753561801
100011755483137
100011757268221
100011757306638
100011757672882
100011759027863
100011761812541
100011762916117
100011763051781
100011763607947
100011764736516
100011766523042
100011766755482
100011767735356
100011768402833
100011768770944
100011768913541
100011769061802
100011769374390
100011772073612
100011772821324
100011773151560
100011774897032
100011775636711
100011775687367
100011775941148
100011776988556
100011778072174
100011779512847
100011780295180
100011784672701
100011785721883
100011786380812
100011789094406
100011789437166
100011789786369
100011792233015
100011792781673
100011794871475
100011798802645
100011798859407
100011802248946
100011804674917
100011804974488
100011805183633
100011805935327
100011806069643
100011807227627
100011808061030
100011808394521
100011808664223
100011810030194
100011810465182
100011811093124
100011811994657
100011812215022
100011812482665
100011814032993
100011815688059
100011815802967
100011817241875
100011819581900
100011821188367
100011822130720
100011826420655
100011831010680
100011832315579
100011835251710
100011835450990
100011836173749
100011838528920
100011838795524
100011838901924
100011839712049
100011839740562
100011842659603
100011844481186
100011846371884
100011847122111
100011847780619
100011849281311
100011849730699
100011855763066
100011857662712
100011861730813
100011862304048
100011865631142
100011866068212
100011866398447
100011867580648
100011873090965
100011874034500
100011875261386
100011875613637
100011876029680
100011877054536
100011883632136
100011893985657
100011900477267
100011904940621
100011907157331
100011907854620
100011923780265
100011928672676
100011931125358
100011935325982
100011942040010
100011952375354
100011954922889
100011961453958
100011962543625
100011968512326
100011971958109
100011972563779
100011980181948
100011987851941
100011994456827
100011995920771
100012002706442
100012013002901
100012013352738
100012017375922
100012032679902
100012034230657
100012036499852
100012041897502
100012047959488
100012048451904
100012060738506
100012061475797
100012064389615
100012065257701
100012076860865
100012085803586
100012088008874
100012091202523
100012092595301
100012094620120
100012094687359
100012095509721
100012097143096
100012102426257
100012104269720
100012109471605
100012112985411
100012119496229
100012121397812
100012129130948
100012131079390
100012131532520
100012133691197
100012147165103
100012148574788
100012149144812
100012154814678
100012166389785
100012178727041
100012186030939
100012187096423
100012196203992
100012196694990
100012201670520
100012207698649
100012208537990
100012212802746
100012215593577
100012219365276
100012221567407
100012227681041
100012230141645
100012236509580
100012239821676
100012241726351
100012243211096
100012248257352
100012250593726
100012258701212
100012259879063
100012262038662
100012266058009
100012267616247
100012271806190
100012275648404
100012279666111
100012285995124
100012287148951
100012293910659
100012309460671
100012309978037
100012310593171
100012312630166
100012318945007
100012320374795
100012321227125
100012322831485
100012326823273
100012327004894
100012334867425
100012337233361
100012337303479
100012343986762
100012347800346
100012348781640
100012351013709
100012355874104
100012360276914
100012364699047
100012368839489
100012370146060
100012376777876
100012378124685
100012378848752
100012389328384
100012394335717
100012396949423
100012401913655
100012408372902
100012415038490
100012416179100
100012420872055
100012422670607
100012440855710
100012446826058
100012448210836
100012450932966
100012453404936
100012453875090
100012454742277
100012459855774
100012461087472
100012464441993
100012467586241
100012468104732
100012469359002
100012471935392
100012478055743
100012479827164
100012482164381
100012483302685
100012489552233
100012491448571
100012494889792
100012500299051
100012506857359
100012507580924
100012508094888
100012509148388
100012513247031
100012526476211
100012532329357
100012533313760
100012533388806
100012535607741
100012536649346
100012545289240
100012545497210
100012547563226
100012550085039
100012552761826
100012560805431
100012561487194
100012571626907
100012573272274
100012580178065
100012585107285
100012586350208
100012589027407
100012598267860
100012598725219
100012602682425
100012603871611
100012605777839
100012607757573
100012614796274
100012617359168
100012617560395
100012618850631
100012619111120
100012623565228
100012626324721
100012627814039
100012629384448
100012636704537
100012641119002
100012641832291
100012642637808
100012642908027
100012644790086
100012644861713
100012647474493
100012654012724
100012656376793
100012656640463
100012656745788
100012657648981
100012658848690
100012659239298
100012661504310
100012662912728
100012663930473
100012666438640
100012667218856
100012668747729
100012669467037
100012669706294
100012671824121
100012673333489
100012676305268
100012680297135
100012681904954
100012682246993
100012685272351
100012685902709
100012687135476
100012687754405
100012688867773
100012694783015
100012694878232
100012696525041
100012696676477
100012697515253
100012697723620
100012699379594
100012700095275
100012701378043
100012702277212
100012702732738
100012704239199
100012705858294
100012706809674
100012706935899
100012709032662
100012709428586
100012710108123
100012710377528
100012710386493
100012712848398
100012712967367
100012713138194
100012715697165
100012719042777
100012720166573
100012720369099
100012720378012
100012721088065
100012721693100
100012723525149
100012723582331
100012727207964
100012729820212
100012733219449
100012733723181
100012734116510
100012734739903
100012735915649
100012736810841
100012740416657
100012741704283
100012745511130
100012745537687
100012747073799
100012747465688
100012747854570
100012748905493
100012749807982
100012750014673
100012751181753
100012753675168
100012753821490
100012754654654
100012755616213
100012757876937
100012758135684
100012759670693
100012760484808
100012761527778
100012765039726
100012765461489
100012765570768
100012766535164
100012767288729
100012768464282
100012769691578
100012778388111
100012778594528
100012779231497
100012782200727
100012782561442
100012784323629
100012784355273
100012784931351
100012785502568
100012786341224
100012787117246
100012787628843
100012790060609
100012790392135
100012793276647
100012793868883
100012794112199
100012794201939
100012794470786
100012794799816
100012795582069
100012798999766
100012803048027
100012803375204
100012804763045
100012807247146
100012807970882
100012808743720
100012810521513
100012811120752
100012811328152
100012812050078
100012813100664
100012813336437
100012814170572
100012815285517
100012815830214
100012817067699
100012817780277
100012818768527
100012819092784
100012820120123
100012820238463
100012821742151
100012822246518
100012823509023
100012825789398
100012826955072
100012828276205
100012828367600
100012828399529
100012831966642
100012831976218
100012832181135
100012832236622
100012836438341
100012839341830
100012839347790
100012840007190
100012843905533
100012845347908
100012846336531
100012846457491
100012847562780
100012848612402
100012849609857
100012850867435
100012852695112
100012853532693
100012854375955
100012856743997
100012857137221
100012857316532
100012858166476
100012858726054
100012859115366
100012861390874
100012862625124
100012864902160
100012866375861
100012868740280
100012870151962
100012871085364
100012873153178
100012874473443
100012875644101
100012879483825
100012879523007
100012885036861
100012885452314
100012887223128
100012887282279
100012888213173
100012889039134
100012891421377
100012891421543
100012892891766
100012892991155
100012894934889
100012901021584
100012901654924
100012904411740
100012910711270
100012913695932
100012916082154
100012917494416
100012917524303
100012918429684
100012919174804
100012919200347
100012920491882
100012922710081
100012924519304
100012925711086
100012926760924
100012927810366
100012928838741
100012931292379
100012942072205
100012944912110
100012949921198
100012968494064
100012978394016
100012979038905
100012982747868
100012991803764
100012994502377
100013015059145
100013047600831
100013055293379
100013059165413
100013065331026
100013065360372
100013068798449
100013096691618
100013098069767
100013108595717
100013111230863
100013116932622
100013120309133
100013122041663
100013122135976
100013126418099
100013139461600
100013140613806
100013141206454
100013146840585
100013158068168
100013192681555
100013205286139
100013212721052
100013236257429
100013262987464
100013281667645
100013291484794
100013294772915
100013295556933
100013300127537
100013314491599
100013322317587
100013355896263
100013373794585
100013377339498
100013387664388
100013387867105
100013407100361
100013408728465
100013409221275
100013414546649
100013417391795
100013419041075
100013420788140
100013421389339
100013446129767
100013451922100
100013468025867
100013473581364
100013475473288
100013484618667
100013488314389
100013518671570
100013529252206
100013529912865
100013533095746
100013548583241
100013566195295
100013566468329
100013566548842
100013571102906
100013586311965
100013594117427
100013594416210
100013594877890
100013606056259
100013612383920
100013616882492
100013619852692
100013621206147
100013649719781
100013650422621
100013654636107
100013656673666
100013658558094
100013682705580
100013688655729
100013692754165
100013694957692
100013697132998
100013704792139
100013708272765
100013712388979
100013714382222
100013723607631
100013751856106
100013752406282
100013754023637
100013757255353
100013758630815
100013764068196
100013764880672
100013767704435
100013771457618
100013774862874
100013775982629
100013794617011
100013794973147
100013798882258
100013810213956
100013825085614
100013825143883
100013828099878
100013831580428
100013836972113
100013840215402
100013841474079
100013845462140
100013855454453
100013864124206
100013867626418
100013868972532
100013876850557
100013885697718
100013912870883
100013914753656
100013922922596
100013936427296
100013937628640
100013953552369
100013955419348
100013957429367
100013959245922
100013975238322
100013977375554
100013977378781
100013980072653
100013986618213
100013990122178
100014000055865
100014010138123
100014010397443
100014011397354
100014018821076
100014019843279
100014023539876
100014025812647
100014032659524
100014033012276
100014033556592
100014041412716
100014042320756
100014046572545
100014048356390
100014051448852
100014054701850
100014061647625
100014062053922
100014064168093
100014068634532
100014070553435
100014075014462
100014079393249
100014083622554
100014083876809
100014087205835
100014089864264
100014090232127
100014099865693
100014104275788
100014116321986
100014121035561
100014124282382
100014124409456
100014127288312
100014127849596
100014134955804
100014138466271
100014144251300
100014145188619
100014154429402
100014156827628
100014169529289
100014171827750
100014177405428
100014181849141
100014186530994
100014186620507
100014186717524
100014188631196
100014190378626
100014192777164
100014192851025
100014200004778
100014200127134
100014202527097
100014204144718
100014204898512
100014205248416
100014209180075
100014213946621
100014217522460
100014219679708
100014220250483
100014220634862
100014220846584
100014220881023
100014221356361
100014221874247
100014223304030
100014226826825
100014239750255
100014246464658
100014250429562
100014251386939
100014254147619
100014255618338
100014255730472
100014256885153
100014256946542
100014257875383
100014258468672
100014258494349
100014261985675
100014262849657
100014266208412
100014268006938
100014270558072
100014271542837
100014273704422
100014274370308
100014278056119
100014278682219
100014279233269
100014279747852
100014282493378
100014283552133
100014284898773
100014286493805
100014293846128
100014295459750
100014298575038
100014298726645
100014298930965
100014299060643
100014301102259
100014306232662
100014307966755
100014309164878
100014313190421
100014320623344
100014324294020
100014324884490
100014326982844
100014327131707
100014327233811
100014329429333
100014329803338
100014330763679
100014331784431
100014333958497
100014340193864
100014343678485
100014344391331
100014348536629
100014349786513
100014350356989
100014352587133
100014358453969
100014360117799
100014365502673
100014365690745
100014366929150
100014367034920
100014377743312
100014379732534
100014385964188
100014391032928
100014392457788
100014393162994
100014393736746
100014397737861
100014399027904
100014404275338
100014406241980
100014406934196
100014407061148
100014417299227
100014418030679
100014420708683
100014421514141
100014425578085
100014430305711
100014431080365
100014434785580
100014437004018
100014438104810
100014449810661
100014453372331
100014456236661
100014458620349
100014468886062
100014469437069
100014474555798
100014476936045
100014480250563
100014483647523
100014487664055
100014492463506
100014498522607
100014503934609
100014508282852
100014510672474
100014510820957
100014512140312
100014515363210
100014523000532
100014524658807
100014534956332
100014545510498
100014549288289
100014559192491
100014561915144
100014574154016
100014577642318
100014585760905
100014589018955
100014592468201
100014599027890
100014609073452
100014612284659
100014621774321
100014631246774
100014636010987
100014636821190
100014642148848
100014654047337
100014656126500
100014668680465
100014679524592
100014681835173
100014688317953
100014693711887
100014696582082
100014698381263
100014701334126
100014704507949
100014708082270
100014711839481
100014715754350
100014725777318
100014727874433
100014755005260
100014770624087
100014770745490
100014778065648
100014782125404
100014795377443
100014797292696
100014799690818
100014801190694
100014811916306
100014812306281
100014813341622
100014817256382
100014817705764
100014823067713
100014829466838
100014832611351
100014869092343
100014876980961
100014895753860
100014898758359
100014932602713
100014948643564
100014980414149
100014991796706
100015004424352
100015007470822
100015012407978
100015018751045
100015020312839
100015040061447
100015053491282
100015093015646
100015154719599
100015175355659
100015188229788
100015210367241
100015224314808
100015228822824
100015229129373
100015245626462
100015287054416
100015289260713
100015307277663
100015316953332
100015339816736
100015340928309
100015403956746
100015405397855
100015434464250
100015469246281
100015477960468
100015624730604
100015688147984
100015692490455
100015722355776
100015741554357
100015741731397
100015762009052
100015784892240
100015797408185
100015801903136
100015812987690
100015820381032
100015838271704
100015868036227
100015881599009
100015909395603
100015920653749
100015930428295
100015941715232
100015942068293
100015946307860
100015992790526
100016007557090
100016021816386
100016066984763
100016159203294
100016163509379
100016166747912
100016232655188
100016242517604
100016393036493
100016409658574
100016416606130
100016425617524
100016436766447
100016439204974
100016468151278
100016492991168
100016495329702
100016496118653
100016505800917
100016541404246
100016550642031
100016589329498
100016662979235
100016682140791
100016706015009
100016735871666
100016751763660
100016753322816
100016780145073
100016797135119
100016812585545
100016820679271
100016829083703
100016845368728
100016852816716
100016853656295
100016866789584
100016909092112
100016927931308
100016947339328
100016958801269
100016965550666
100016977226603
100016989013721
100017002909392
100017014119071
100017014969243
100017023098275
100017029508976
100017031557610
100017035029355
100017036946383
100017038425477
100017039175540
100017050243810
100017051678174
100017052733377
100017059571618
100017059779264
100017059929162
100017066258723
100017066798193
100017069328737
100017071398573
100017083740850
100017090852170
100017098532384
100017106034160
100017114251714
100017137872288
100017154092499
100017160945390
100017190485299
100017234531912
100017244042622
100017304823014
100017310997003
100017331167425
100017338126570
100017348359461
100017369047537
100017425906003
100017445166913
100017458569254
100017523643755
100017547182527
100017551782925
100017582260388
100017592812921
100017607993777
100017628135889
100017657745071
100017666715787
100017752664560
100017753312749
100017769375359
100017787259192
100017819973656
100017863513200
100017866086996
100017898280782
100017940036420
100017946364913
100017950846968
100017965204009
100017991648299
100017999766200
100018004026782
100018025632391
100018056297746
100018066019245
100018069632891
100018092650690
100018094322694
100018107796969
100018120788580
100018120850721
100018144124174
100018157909101
100018181205877
100018223533548
100018256428619
100018272470663
100018280243034
100018286231198
100018304895516
100018318870471
100018441228836
100018476384352
100018494146556
100018521022394
100018529038469
100018556156338
100018614143343
100018642436733
100018644795645
100018740971540
100018982263562
100019005545419
100019451134796
100019467518277
100019713571245
100020466676537
100020661163611
100021096858658
100021179346613
100021197766274
100021402045706
100021644867613
100021682832977
100021704799513
100021709576491
100021745301980
100021809174290
100021918608978
100021926737575
100021976580685
100022090089078
100022157021125
100022368485970
100022426690573
100022506624272
100022644501632
100022662495681
100022704156208
100022806887422
100022912776519
100023041448007
100023284055089
100023309377895
100023324102762
100023364190593
100023433068708
100023581235894
100023639201627
100023655193792
100023703321525
100023834494947
100023856526781
100023870403486
100023967643064
100024029289337
100024031215756
100024118361335
100024135815348
100024146041609
100024146571761
100024160878107
100024167506818
100024177968794
100024188506859
100024209888799
100024225998748
100024226670551
100024243284025
100024244120631
100024254285412
100024254295006
100024273228795
100024284013598
100024307290955
100024315623239
100024338722397
100024348111474
100024356151661
100024379098728
100024394185280
100024398254613
100024405793599
100024434418462
100024449176225
100024467514240
100024489616337
100024495675771
100024498739795
100024530626898
100024535720329
100024540183625
100024544141397
100024545057933
100024547713880
100024558917689
100024574001463
100024576492995
100024599154271
100024621971862
100024623842793
100024637532755
100024662383089
100024677255715
100024682327035
100024696511655
100024709172641
100024724086023
100024727475967
100024734963521
100024737028770
100024747441652
100024772778800
100024786875089
100024791263785
100024794508144
100024875962483
100024919173527
100024933551803
100024934539088
100025135156214
100025144952012
100025269203194
100025357771604
100025383483462
100025442613554
100025464110514
100025561727659
100025593375294
100025611437128
100025692729678
100025703149376
100025717054259
100025754749635
100025785191996
100025814105904
100025826881618
100025928843942
100026026007882
100026119175391
100026361188508
100026364433856
100026415515376
100026430784759
100026471178312
100026486321098
100026596152559
100026683601294
100026718700590
100026826332635
100026842981497
100027065390330
100027069802730
100027087006172
100027113302304
100027152955558
100027227752568
100027348753262
100027357304122
100027359550523
100027366274690
100027433712250
100027454294241
100027552250327
100027637144851
100027715224322
100027747461799
100027763993923
100027786617064
100027968733718
100027971782464
100028006822838
100028018163890
100028073343798
100028074822950
100028078779291
100028082688310
100028090519774
100028097492811
100028135361714
100028170132772
100028211417857
100028234055623
100028271646689
100028323634141
100028341070636
100028353923280
100028379748479
100028385479518
100028423308163
100028435931457
100028449813510
100028450082853
100028456431886
100028482720811
100028502328530
100028505107896
100028539094918
100028642839104
100028688302198
100028714894050
100028816339566
100028820314697
100028888819635
100028893676289
100029017993606
100029032117781
100029058941961
100029082622455
100029095326960
100029099262387
100029112962638
100029181863135
100029206800959
100029212990466
100029219981821
100029234647862
100029309883202
100029340107462
100029349090023
100029349420146
100029376332319
100029401156990
100029427433735
100029427997207
100029449059572
100029467380496
100029572941439
100029598136664
100029610883851
100029636915303
100029735791415
100029800477326
100029839641642
100029877369584
100030001892720
100030053323750
100030095805405
100030349341661
100030416060657
100030479683784
100030493356129
100030547222624
100030552997856
100030620955175
100030671040789
100030754570146
100031070673919
100031075743311
100031097746624
100031143589266
100031257242439
100031266616637
100031307881345
100031350256720
100031370230658
100031397015634
100031407913230
100031496890154
100031510082579
100031578514150
100031610122745
100031625474113
100031710518496
100031833816940
100031866137355
100031899400272
100031904448837
100031907684511
100032002814458
100032023338951
100032033520698
100032129175074
100032132331405
100032238233164
100032325276448
100032366989685
100032386655515
100032433485791
100032447290393
100032544276465
100032604422883
100032655063786
100032820495387
100032875336443
100032883796627
100032928827043
100032982612491
100033026894640
100033034111024
100033079442861
100033160808579
100033173151299
100033246877290
100033252311893
100033291982652
100033310023011
100033381321039
100033399452020
100033490277142
100033555842578
100033605672297
100033676613836
100033835935075
100033919718615
100033957397065
100033978765993
100034030504073
100034031403215
100034152140671
100034244862476
100034433504187
100034455970528
100034474518815
100034525501979
100034596256172
100034625525797
100034638037365
100034653739512
100034708654801
100034788211060
100034872406448
100034969177329
100035119050830
100035250074942
100035254729837
100035264343275
100035271729205
100035353908589
100035389037852
100035459794528
100035733981040
100035778498721
100035784571617
100035857130580
100036024098054
100036081902057
100036115509568
100036144660534
100036199265395
100036281661608
100036305190481
100036355875881
100036386211198
100036440074748
100036553252718
100036702552642
100036731291836
100036733098981
100036830018170
100037122114110
100037140668026
100037143317749
100037313927294
100037318332782
100037428003521
100037443044492
100037483639790
100037510456313
100037527786917
100037543482990
100038289255859
100038655818937
100040682022442
100040918247648
100041126468121
100041158032026
100042252952320
100042316430913
100042525502339
100042740233499
100043568446226
100043832142444
100044275367855
100044564139502
100045194933770
100045840481472
100046258926197
100046393594900
